# Created by Octave 4.2.1, Wed Sep 26 20:08:08 2018 UTC <unknown@oo-back-cluster-asebdf429a>
# name: A
# type: matrix
# rows: 10
# columns: 10
 -83 16 59 -74 40 17 -51 13 57 47
 -35, -37, -97, 18, -77, 9, -32, -98, -53, -58
 -13, 31, 11, -44, -22, 46, 45, 57, -37, 42
 41, 13, 77, 43, 19, -62, -31, -47, 14, 9
 -84, 64, 72, 15, -52, 59, -12, -35, -93, 54
 -79, -94, -72, 20, 55, -68, 70, 12, -26, -91
 -83, -19, 39, -96, -60, 84, 81, 53, -87, -56
 -61, -82, -21, 42, 44, 73, -60, -38, 13, -99
 -89, -11, -79, 5, 94, -73, 84, -73, 66, -78
 68, 24, -99, -98, 34, 97, 23, -35, 62, 64


# name: b
# type: matrix
# rows: 10
# columns: 1
 41
 -460
 116
 76
 -12
 -273
 -144
 -189
 -154
 140